"lethal.temp","population","treatment"
24.291,"Superior","7.0°C"
28.072,"Ontario","2.0°C"
25.113,"Ontario","4.5°C"
25.841,"Superior","7.0°C"
24.267,"Ontario","4.5°C"
23.593,"Ontario","4.5°C"
26.207,"Ontario","4.5°C"
25.987,"Ontario","7.0°C"
20.293,"Superior","2.0°C"
25.695,"Ontario","4.5°C"
25.089,"Ontario","2.0°C"
23.761,"Ontario","7.0°C"
20.15,"Ontario","4.5°C"
25.914,"Ontario","7.0°C"
25.866,"Ontario","4.5°C"
25.04,"Ontario","7.0°C"
25.453,"Superior","7.0°C"
22.13,"Ontario","2.0°C"
25.866,"Ontario","4.5°C"
25.04,"Ontario","4.5°C"
26.256,"Superior","4.5°C"
24.605,"Ontario","2.0°C"
24.291,"Superior","2.0°C"
24.798,"Ontario","7.0°C"
23.136,"Superior","2.0°C"
22.8,"Superior","4.5°C"
24.702,"Ontario","4.5°C"
25.574,"Superior","4.5°C"
28.816,"Superior","4.5°C"
24.774,"Ontario","7.0°C"
24.508,"Ontario","2.0°C"
26.818,"Superior","7.0°C"
24.412,"Ontario","4.5°C"
25.963,"Superior","2.0°C"
24.605,"Ontario","4.5°C"
25.841,"Superior","7.0°C"
24.557,"Superior","2.0°C"
25.453,"Ontario","2.0°C"
26.304,"Ontario","7.0°C"
26.329,"Ontario","4.5°C"
25.841,"Ontario","7.0°C"
26.475,"Ontario","4.5°C"
21.987,"Ontario","4.5°C"
24.605,"Ontario","7.0°C"
24.436,"Ontario","4.5°C"
26.94,"Ontario","7.0°C"
27.259,"Ontario","2.0°C"
23.136,"Superior","2.0°C"
24.557,"Ontario","4.5°C"
23.954,"Superior","2.0°C"
23.136,"Ontario","2.0°C"
21.151,"Ontario","7.0°C"
26.012,"Superior","2.0°C"
26.012,"Superior","2.0°C"
26.207,"Ontario","4.5°C"
19.603,"Ontario","2.0°C"
26.549,"Superior","7.0°C"
26.256,"Ontario","4.5°C"
24.508,"Ontario","4.5°C"
23.208,"Superior","2.0°C"
26.744,"Ontario","4.5°C"
24.557,"Ontario","4.5°C"
24.436,"Superior","4.5°C"
27.505,"Ontario","4.5°C"
26.598,"Superior","2.0°C"
26.134,"Superior","2.0°C"
25.113,"Ontario","2.0°C"
23.593,"Ontario","2.0°C"
25.404,"Ontario","7.0°C"
24.557,"Ontario","7.0°C"
22.8,"Ontario","7.0°C"
24.146,"Ontario","7.0°C"
26.769,"Superior","2.0°C"
24.412,"Ontario","4.5°C"
26.402,"Superior","4.5°C"
27.186,"Ontario","4.5°C"
25.137,"Ontario","4.5°C"
26.622,"Ontario","7.0°C"
26.231,"Ontario","4.5°C"
25.137,"Ontario","7.0°C"
24.291,"Ontario","7.0°C"
27.186,"Superior","4.5°C"
21.533,"Ontario","7.0°C"
27.382,"Ontario","2.0°C"
24.315,"Ontario","2.0°C"
25.04,"Superior","4.5°C"
24.219,"Ontario","7.0°C"
23.593,"Superior","2.0°C"
26.329,"Ontario","4.5°C"
25.963,"Superior","2.0°C"
25.065,"Superior","2.0°C"
26.28,"Ontario","7.0°C"
25.404,"Ontario","7.0°C"
26.598,"Ontario","4.5°C"
26.818,"Superior","4.5°C"
22.13,"Ontario","2.0°C"
24.146,"Ontario","4.5°C"
26.231,"Ontario","2.0°C"
27.186,"Superior","7.0°C"
24.774,"Ontario","4.5°C"
25.914,"Ontario","2.0°C"
24.243,"Ontario","7.0°C"
26.598,"Ontario","4.5°C"
26.622,"Superior","4.5°C"
26.622,"Superior","2.0°C"
24.605,"Ontario","4.5°C"
25.065,"Ontario","4.5°C"
24.629,"Ontario","7.0°C"
25.574,"Superior","7.0°C"
26.012,"Ontario","2.0°C"
25.841,"Ontario","2.0°C"
25.428,"Ontario","4.5°C"
25.744,"Superior","2.0°C"
26.695,"Superior","4.5°C"
26.231,"Ontario","2.0°C"
24.653,"Superior","4.5°C"
26.842,"Ontario","2.0°C"
24.484,"Ontario","4.5°C"
24.823,"Ontario","4.5°C"
21.891,"Superior","2.0°C"
23.328,"Ontario","4.5°C"
25.065,"Ontario","4.5°C"
24.508,"Ontario","2.0°C"
26.475,"Ontario","4.5°C"
26.353,"Ontario","2.0°C"
23.016,"Superior","7.0°C"
24.702,"Ontario","4.5°C"
24.508,"Superior","2.0°C"
25.089,"Ontario","4.5°C"
27.358,"Ontario","7.0°C"
25.04,"Ontario","4.5°C"
24.605,"Ontario","7.0°C"
25.04,"Ontario","7.0°C"
25.744,"Ontario","7.0°C"
24.702,"Ontario","4.5°C"
24.074,"Ontario","2.0°C"
26.793,"Ontario","2.0°C"
24.823,"Superior","7.0°C"
25.137,"Ontario","2.0°C"
21.175,"Ontario","2.0°C"
25.744,"Superior","4.5°C"
25.866,"Superior","4.5°C"
23.424,"Ontario","2.0°C"
23.713,"Ontario","7.0°C"
25.987,"Superior","4.5°C"
25.744,"Superior","2.0°C"
25.914,"Ontario","4.5°C"
27.776,"Superior","2.0°C"
26.842,"Ontario","7.0°C"
24.605,"Superior","7.0°C"
23.641,"Superior","2.0°C"
26.818,"Ontario","4.5°C"
25.137,"Ontario","2.0°C"
26.28,"Ontario","2.0°C"
24.05,"Superior","4.5°C"
23.833,"Ontario","4.5°C"
25.866,"Ontario","2.0°C"
26.28,"Ontario","2.0°C"
24.436,"Ontario","2.0°C"
25.963,"Ontario","2.0°C"
24.315,"Superior","2.0°C"
26.451,"Ontario","2.0°C"
25.065,"Ontario","2.0°C"
24.557,"Ontario","7.0°C"
27.358,"Superior","4.5°C"
25.065,"Superior","4.5°C"
24.412,"Ontario","4.5°C"
27.382,"Superior","4.5°C"
26.671,"Superior","4.5°C"
27.186,"Ontario","2.0°C"
27.186,"Superior","4.5°C"
26.72,"Ontario","2.0°C"
25.987,"Ontario","2.0°C"
27.014,"Ontario","4.5°C"
24.629,"Ontario","4.5°C"
22.13,"Ontario","7.0°C"
25.113,"Ontario","2.0°C"
26.231,"Ontario","7.0°C"
26.793,"Ontario","4.5°C"
27.014,"Superior","7.0°C"
23.424,"Superior","4.5°C"
26.28,"Ontario","4.5°C"
24.508,"Ontario","2.0°C"
23.136,"Superior","4.5°C"
25.841,"Ontario","4.5°C"
25.866,"Superior","4.5°C"
27.899,"Ontario","7.0°C"
24.508,"Ontario","2.0°C"
24.75,"Ontario","4.5°C"
24.823,"Ontario","7.0°C"
24.508,"Superior","4.5°C"
26.256,"Ontario","2.0°C"
26.549,"Ontario","4.5°C"
26.744,"Ontario","4.5°C"
28.097,"Ontario","2.0°C"
27.259,"Superior","4.5°C"
26.769,"Superior","4.5°C"
28.097,"Ontario","2.0°C"
24.847,"Ontario","7.0°C"
24.557,"Ontario","7.0°C"
26.012,"Ontario","4.5°C"
26.769,"Ontario","2.0°C"
22.13,"Superior","2.0°C"
24.243,"Superior","4.5°C"
25.137,"Superior","4.5°C"
19.103,"Ontario","2.0°C"
24.508,"Superior","2.0°C"
24.243,"Superior","4.5°C"
25.963,"Ontario","4.5°C"
25.841,"Ontario","2.0°C"
26.207,"Ontario","4.5°C"
20.293,"Ontario","4.5°C"
25.428,"Ontario","2.0°C"
27.899,"Ontario","2.0°C"
24.243,"Superior","4.5°C"
25.453,"Ontario","7.0°C"
25.04,"Ontario","7.0°C"
25.137,"Ontario","4.5°C"
26.94,"Ontario","7.0°C"
27.382,"Ontario","4.5°C"
25.914,"Ontario","4.5°C"
26.207,"Superior","2.0°C"
24.653,"Ontario","4.5°C"
26.622,"Ontario","7.0°C"
24.291,"Ontario","4.5°C"
21.175,"Ontario","4.5°C"
26.207,"Ontario","2.0°C"
25.841,"Ontario","2.0°C"
26.573,"Ontario","2.0°C"
26.329,"Ontario","2.0°C"
25.428,"Superior","7.0°C"
24.557,"Ontario","2.0°C"
21.987,"Superior","7.0°C"
24.702,"Ontario","4.5°C"
26.231,"Ontario","2.0°C"
27.358,"Ontario","2.0°C"
27.186,"Superior","2.0°C"
22.106,"Ontario","2.0°C"
23.016,"Ontario","4.5°C"
26.353,"Superior","4.5°C"
24.702,"Ontario","4.5°C"
25.963,"Ontario","7.0°C"
26.036,"Ontario","4.5°C"
25.695,"Superior","4.5°C"
24.823,"Ontario","7.0°C"
26.72,"Ontario","4.5°C"
23.761,"Ontario","7.0°C"
24.581,"Ontario","2.0°C"
24.653,"Ontario","4.5°C"
23.737,"Ontario","7.0°C"
24.508,"Ontario","4.5°C"
24.219,"Ontario","4.5°C"
21.867,"Superior","4.5°C"
26.622,"Ontario","7.0°C"
24.75,"Ontario","4.5°C"
23.28,"Ontario","4.5°C"
24.653,"Ontario","4.5°C"
23.328,"Ontario","2.0°C"
27.579,"Superior","4.5°C"
25.866,"Ontario","2.0°C"
27.85,"Ontario","2.0°C"
25.065,"Ontario","2.0°C"
26.231,"Ontario","7.0°C"
24.484,"Superior","2.0°C"
26.769,"Ontario","2.0°C"
27.505,"Ontario","7.0°C"
26.207,"Ontario","7.0°C"
23.424,"Ontario","7.0°C"
24.508,"Ontario","4.5°C"
23.641,"Superior","2.0°C"
22.944,"Superior","4.5°C"
25.453,"Ontario","7.0°C"
25.841,"Ontario","2.0°C"
28.097,"Superior","2.0°C"
23.761,"Ontario","7.0°C"
27.505,"Superior","4.5°C"
24.291,"Superior","7.0°C"
23.424,"Ontario","7.0°C"
24.605,"Superior","4.5°C"
26.304,"Ontario","2.0°C"
28.097,"Ontario","2.0°C"
26.329,"Ontario","4.5°C"
24.557,"Ontario","7.0°C"
24.508,"Ontario","7.0°C"
25.963,"Superior","7.0°C"
23.665,"Ontario","7.0°C"
23.978,"Ontario","2.0°C"
25.744,"Ontario","4.5°C"
25.137,"Ontario","2.0°C"
27.358,"Ontario","2.0°C"
24.098,"Ontario","2.0°C"
27.358,"Ontario","2.0°C"
24.702,"Superior","7.0°C"
26.671,"Ontario","2.0°C"
20.198,"Ontario","4.5°C"
25.113,"Ontario","2.0°C"
24.146,"Ontario","2.0°C"
24.702,"Ontario","2.0°C"
24.098,"Ontario","7.0°C"
27.382,"Superior","2.0°C"
26.353,"Superior","2.0°C"
24.243,"Ontario","4.5°C"
24.243,"Ontario","2.0°C"
25.987,"Superior","4.5°C"
26.256,"Ontario","4.5°C"
23.208,"Ontario","4.5°C"
23.761,"Ontario","4.5°C"
26.353,"Ontario","7.0°C"
26.256,"Ontario","2.0°C"
26.378,"Ontario","2.0°C"
26.207,"Superior","2.0°C"
26.304,"Ontario","4.5°C"
26.329,"Ontario","2.0°C"
25.841,"Ontario","2.0°C"
25.866,"Superior","2.0°C"
24.267,"Superior","2.0°C"
25.671,"Ontario","2.0°C"
25.744,"Ontario","2.0°C"
27.382,"Ontario","2.0°C"
25.866,"Ontario","7.0°C"
27.85,"Ontario","2.0°C"
28.097,"Ontario","4.5°C"
27.776,"Superior","2.0°C"
26.207,"Ontario","7.0°C"
25.283,"Ontario","4.5°C"
26.622,"Ontario","4.5°C"
26.329,"Ontario","2.0°C"
24.798,"Ontario","7.0°C"
26.622,"Ontario","7.0°C"
20.15,"Ontario","2.0°C"
26.207,"Superior","4.5°C"
27.382,"Superior","4.5°C"
26.818,"Ontario","4.5°C"
26.744,"Ontario","7.0°C"
25.695,"Superior","4.5°C"
26.353,"Superior","2.0°C"
24.774,"Superior","4.5°C"
24.508,"Ontario","4.5°C"
24.605,"Ontario","7.0°C"
24.823,"Superior","7.0°C"
26.28,"Superior","2.0°C"
26.304,"Ontario","2.0°C"
27.235,"Ontario","7.0°C"
24.195,"Ontario","2.0°C"
27.382,"Ontario","7.0°C"
25.04,"Ontario","4.5°C"
26.231,"Ontario","4.5°C"
24.146,"Ontario","2.0°C"
25.866,"Ontario","7.0°C"
24.557,"Superior","2.0°C"
26.329,"Ontario","2.0°C"
24.702,"Ontario","7.0°C"
27.235,"Ontario","7.0°C"
28.072,"Superior","4.5°C"
24.774,"Ontario","2.0°C"
24.46,"Superior","2.0°C"
26.598,"Ontario","7.0°C"
26.769,"Ontario","2.0°C"
25.065,"Ontario","7.0°C"
24.243,"Superior","4.5°C"
24.702,"Ontario","2.0°C"
24.557,"Ontario","4.5°C"
24.243,"Ontario","4.5°C"
27.358,"Ontario","7.0°C"
24.098,"Superior","2.0°C"
25.065,"Ontario","7.0°C"
26.134,"Ontario","7.0°C"
25.744,"Superior","2.0°C"
24.146,"Superior","7.0°C"
26.94,"Ontario","7.0°C"
26.231,"Ontario","2.0°C"
23.737,"Superior","2.0°C"
27.677,"Ontario","4.5°C"
27.235,"Superior","4.5°C"
28.816,"Ontario","4.5°C"
22.824,"Superior","4.5°C"
21.342,"Superior","2.0°C"
27.776,"Ontario","2.0°C"
26.28,"Ontario","4.5°C"
24.605,"Ontario","4.5°C"
27.358,"Ontario","4.5°C"
23.328,"Ontario","2.0°C"
25.841,"Ontario","7.0°C"
23.208,"Superior","4.5°C"
26.549,"Ontario","2.0°C"
23.328,"Ontario","4.5°C"
25.501,"Ontario","4.5°C"
28.072,"Ontario","4.5°C"
24.195,"Ontario","2.0°C"
24.243,"Ontario","2.0°C"
24.798,"Ontario","2.0°C"
26.207,"Ontario","4.5°C"
21.175,"Ontario","7.0°C"
23.737,"Ontario","4.5°C"
26.598,"Superior","7.0°C"
25.695,"Ontario","4.5°C"
25.914,"Superior","4.5°C"
25.501,"Ontario","2.0°C"
26.353,"Ontario","2.0°C"
26.598,"Ontario","2.0°C"
23.593,"Superior","2.0°C"
24.412,"Ontario","7.0°C"
25.987,"Ontario","4.5°C"
24.315,"Superior","7.0°C"
23.954,"Ontario","7.0°C"
23.328,"Ontario","4.5°C"
26.769,"Superior","7.0°C"
26.28,"Ontario","7.0°C"
24.146,"Ontario","2.0°C"
25.914,"Ontario","7.0°C"
22.824,"Superior","4.5°C"
19.674,"Ontario","7.0°C"
24.05,"Ontario","7.0°C"
25.137,"Ontario","7.0°C"
26.94,"Ontario","7.0°C"
26.256,"Ontario","7.0°C"
26.329,"Ontario","4.5°C"
23.713,"Ontario","4.5°C"
28.072,"Ontario","7.0°C"
27.259,"Ontario","4.5°C"
24.702,"Ontario","4.5°C"
23.593,"Ontario","4.5°C"
24.412,"Ontario","2.0°C"
24.823,"Ontario","7.0°C"
24.605,"Ontario","7.0°C"
20.293,"Ontario","2.0°C"
22.298,"Ontario","4.5°C"
26.207,"Ontario","4.5°C"
27.677,"Ontario","7.0°C"
24.75,"Ontario","4.5°C"
24.508,"Ontario","2.0°C"
24.219,"Ontario","2.0°C"
23.136,"Superior","2.0°C"
26.769,"Ontario","4.5°C"
26.231,"Superior","7.0°C"
25.404,"Ontario","4.5°C"
25.137,"Ontario","4.5°C"
24.146,"Superior","2.0°C"
22.25,"Ontario","2.0°C"
27.235,"Ontario","4.5°C"
24.219,"Ontario","4.5°C"
26.842,"Ontario","2.0°C"
26.353,"Ontario","4.5°C"
24.219,"Ontario","4.5°C"
26.353,"Ontario","4.5°C"
24.291,"Ontario","7.0°C"
26.207,"Superior","7.0°C"
22.8,"Ontario","7.0°C"
22.011,"Superior","2.0°C"
23.665,"Superior","4.5°C"
24.823,"Ontario","7.0°C"
25.72,"Ontario","4.5°C"
22.25,"Ontario","7.0°C"
27.358,"Superior","4.5°C"
24.291,"Ontario","2.0°C"
24.557,"Ontario","2.0°C"
25.355,"Ontario","4.5°C"
22.393,"Ontario","4.5°C"
24.75,"Superior","7.0°C"
25.186,"Ontario","4.5°C"
24.412,"Ontario","4.5°C"
28.072,"Ontario","4.5°C"
27.259,"Superior","2.0°C"
25.453,"Ontario","2.0°C"
26.622,"Superior","2.0°C"
28.072,"Ontario","4.5°C"
26.353,"Ontario","2.0°C"
23.593,"Ontario","2.0°C"
26.256,"Ontario","4.5°C"
24.243,"Ontario","7.0°C"
27.579,"Superior","7.0°C"
24.412,"Ontario","2.0°C"
23.954,"Ontario","7.0°C"
27.186,"Ontario","2.0°C"
24.774,"Ontario","4.5°C"
21.509,"Superior","7.0°C"
25.841,"Superior","4.5°C"
24.508,"Ontario","4.5°C"
21.533,"Superior","4.5°C"
26.744,"Superior","7.0°C"
25.866,"Superior","7.0°C"
23.28,"Ontario","2.0°C"
25.744,"Ontario","7.0°C"
24.291,"Ontario","4.5°C"
26.769,"Ontario","7.0°C"
27.358,"Ontario","2.0°C"
24.823,"Ontario","4.5°C"
24.05,"Ontario","4.5°C"
24.098,"Ontario","2.0°C"
25.501,"Superior","4.5°C"
25.065,"Ontario","2.0°C"
27.186,"Superior","4.5°C"
22.8,"Ontario","4.5°C"
26.231,"Ontario","4.5°C"
25.914,"Superior","2.0°C"
27.579,"Ontario","2.0°C"
27.186,"Ontario","2.0°C"
27.186,"Ontario","7.0°C"
26.451,"Ontario","2.0°C"
27.186,"Ontario","2.0°C"
23.689,"Ontario","2.0°C"
26.5,"Ontario","4.5°C"
26.671,"Ontario","2.0°C"
23.328,"Superior","4.5°C"
25.089,"Ontario","2.0°C"
26.207,"Superior","4.5°C"
22.298,"Ontario","4.5°C"
26.475,"Ontario","2.0°C"
26.329,"Ontario","4.5°C"
26.353,"Superior","2.0°C"
27.259,"Ontario","2.0°C"
26.231,"Ontario","7.0°C"
23.737,"Superior","4.5°C"
26.353,"Ontario","4.5°C"
24.243,"Ontario","4.5°C"
25.841,"Ontario","7.0°C"
23.088,"Ontario","7.0°C"
26.598,"Ontario","7.0°C"
22.824,"Superior","2.0°C"
26.329,"Superior","7.0°C"
25.963,"Ontario","7.0°C"
24.436,"Superior","7.0°C"
24.412,"Ontario","2.0°C"
26.72,"Ontario","7.0°C"
23.328,"Ontario","2.0°C"
23.593,"Ontario","2.0°C"
25.963,"Ontario","4.5°C"
24.05,"Ontario","4.5°C"
26.622,"Ontario","2.0°C"
26.598,"Superior","4.5°C"
27.899,"Ontario","7.0°C"
26.207,"Superior","4.5°C"
26.231,"Ontario","4.5°C"
24.75,"Ontario","4.5°C"
26.329,"Ontario","2.0°C"
24.847,"Ontario","4.5°C"
25.963,"Superior","4.5°C"
26.304,"Superior","7.0°C"
24.774,"Ontario","4.5°C"
24.508,"Ontario","2.0°C"
27.186,"Ontario","4.5°C"
26.646,"Ontario","4.5°C"
27.186,"Ontario","2.0°C"
23.328,"Ontario","7.0°C"
25.866,"Ontario","7.0°C"
25.355,"Ontario","2.0°C"
24.557,"Ontario","7.0°C"
25.866,"Ontario","2.0°C"
28.072,"Ontario","7.0°C"
24.605,"Ontario","2.0°C"
26.256,"Ontario","4.5°C"
21.485,"Ontario","4.5°C"
25.841,"Ontario","4.5°C"
26.622,"Ontario","2.0°C"
27.014,"Ontario","7.0°C"
26.622,"Ontario","2.0°C"
27.259,"Ontario","2.0°C"
22.082,"Superior","2.0°C"
23.328,"Ontario","7.0°C"
24.195,"Ontario","2.0°C"
20.293,"Ontario","7.0°C"
27.186,"Ontario","4.5°C"
24.581,"Ontario","7.0°C"
26.231,"Ontario","4.5°C"
24.412,"Superior","7.0°C"
21.342,"Ontario","2.0°C"
25.137,"Superior","7.0°C"
26.256,"Ontario","7.0°C"
26.769,"Ontario","7.0°C"
22.106,"Ontario","7.0°C"
27.358,"Ontario","2.0°C"
26.402,"Ontario","2.0°C"
22.25,"Ontario","4.5°C"
25.137,"Ontario","7.0°C"
23.954,"Ontario","7.0°C"
26.304,"Ontario","4.5°C"
25.065,"Superior","2.0°C"
23.424,"Ontario","2.0°C"
24.774,"Superior","2.0°C"
24.774,"Superior","7.0°C"
26.231,"Ontario","2.0°C"
19.603,"Ontario","7.0°C"
24.605,"Superior","7.0°C"
26.842,"Ontario","7.0°C"
27.259,"Superior","4.5°C"
26.573,"Superior","2.0°C"
23.761,"Ontario","2.0°C"
27.235,"Ontario","7.0°C"
26.916,"Ontario","2.0°C"
24.412,"Superior","4.5°C"
25.137,"Ontario","2.0°C"
28.468,"Ontario","7.0°C"
27.776,"Ontario","7.0°C"
23.737,"Ontario","4.5°C"
21.485,"Ontario","4.5°C"
22.8,"Ontario","7.0°C"
26.744,"Ontario","2.0°C"
26.793,"Ontario","4.5°C"
25.137,"Ontario","2.0°C"
24.219,"Superior","2.0°C"
24.581,"Ontario","7.0°C"
24.823,"Ontario","2.0°C"
23.208,"Superior","2.0°C"
24.75,"Ontario","4.5°C"
25.04,"Ontario","2.0°C"
26.231,"Ontario","4.5°C"
26.256,"Ontario","2.0°C"
25.744,"Superior","2.0°C"
24.823,"Ontario","4.5°C"
24.702,"Ontario","2.0°C"
23.978,"Ontario","2.0°C"
26.207,"Superior","2.0°C"
26.353,"Ontario","7.0°C"
24.557,"Superior","2.0°C"
24.508,"Ontario","7.0°C"
24.871,"Ontario","2.0°C"
23.184,"Ontario","4.5°C"
25.137,"Ontario","7.0°C"
26.28,"Superior","4.5°C"
25.04,"Ontario","2.0°C"
21.819,"Superior","4.5°C"
27.358,"Superior","2.0°C"
21.175,"Superior","2.0°C"
26.744,"Ontario","2.0°C"
26.451,"Ontario","2.0°C"
27.677,"Ontario","4.5°C"
24.243,"Ontario","4.5°C"
26.94,"Ontario","7.0°C"
25.963,"Ontario","7.0°C"
24.412,"Ontario","2.0°C"
20.198,"Superior","7.0°C"
24.774,"Ontario","4.5°C"
25.963,"Ontario","4.5°C"
25.841,"Ontario","2.0°C"
24.702,"Superior","4.5°C"
25.987,"Ontario","2.0°C"
24.605,"Superior","2.0°C"
26.231,"Ontario","4.5°C"
26.231,"Ontario","2.0°C"
25.963,"Ontario","4.5°C"
26.744,"Superior","2.0°C"
26.353,"Ontario","4.5°C"
27.259,"Ontario","2.0°C"
24.605,"Superior","2.0°C"
26.231,"Ontario","7.0°C"
25.065,"Ontario","2.0°C"
21.819,"Ontario","2.0°C"
27.358,"Ontario","7.0°C"
26.231,"Ontario","2.0°C"
26.793,"Superior","2.0°C"
21.533,"Superior","2.0°C"
26.304,"Ontario","7.0°C"
23.328,"Ontario","4.5°C"
24.243,"Ontario","4.5°C"
26.28,"Ontario","2.0°C"
23.545,"Ontario","4.5°C"
27.358,"Ontario","4.5°C"
25.744,"Superior","4.5°C"
26.353,"Ontario","2.0°C"
24.074,"Ontario","7.0°C"
26.744,"Ontario","2.0°C"
23.689,"Ontario","2.0°C"
25.137,"Ontario","4.5°C"
26.818,"Ontario","4.5°C"
24.75,"Superior","7.0°C"
24.146,"Superior","4.5°C"
26.353,"Superior","7.0°C"
26.842,"Ontario","4.5°C"
27.382,"Ontario","4.5°C"
24.46,"Superior","2.0°C"
23.545,"Ontario","2.0°C"
24.508,"Ontario","2.0°C"
23.593,"Ontario","2.0°C"
26.818,"Ontario","7.0°C"
25.987,"Ontario","4.5°C"
27.358,"Superior","4.5°C"
22.13,"Superior","7.0°C"
24.508,"Ontario","2.0°C"
26.622,"Ontario","2.0°C"
25.065,"Superior","4.5°C"
26.5,"Ontario","2.0°C"
26.818,"Ontario","2.0°C"
24.702,"Ontario","2.0°C"
27.776,"Ontario","2.0°C"
24.412,"Ontario","4.5°C"
25.866,"Ontario","2.0°C"
24.267,"Ontario","2.0°C"
24.243,"Ontario","4.5°C"
26.231,"Superior","2.0°C"
24.774,"Superior","2.0°C"
26.256,"Ontario","4.5°C"
22.465,"Ontario","2.0°C"
24.653,"Ontario","4.5°C"
27.776,"Ontario","4.5°C"
23.545,"Ontario","4.5°C"
24.774,"Superior","7.0°C"
26.256,"Superior","4.5°C"
25.914,"Superior","7.0°C"
26.329,"Ontario","4.5°C"
24.702,"Ontario","4.5°C"
23.208,"Ontario","7.0°C"
26.598,"Ontario","2.0°C"
25.866,"Ontario","2.0°C"
26.622,"Superior","7.0°C"
23.737,"Ontario","2.0°C"
24.702,"Ontario","2.0°C"
24.702,"Ontario","7.0°C"
26.622,"Ontario","4.5°C"
26.72,"Ontario","7.0°C"
25.695,"Ontario","2.0°C"
24.315,"Ontario","4.5°C"
26.622,"Ontario","4.5°C"
26.451,"Ontario","4.5°C"
26.475,"Ontario","7.0°C"
27.382,"Ontario","7.0°C"
24.243,"Ontario","2.0°C"
25.647,"Ontario","4.5°C"
21.533,"Ontario","4.5°C"
27.259,"Ontario","2.0°C"
23.424,"Ontario","7.0°C"
24.605,"Superior","2.0°C"
26.598,"Superior","4.5°C"
28.072,"Ontario","7.0°C"
22.824,"Ontario","7.0°C"
26.256,"Superior","2.0°C"
23.136,"Ontario","4.5°C"
26.744,"Superior","4.5°C"
26.134,"Ontario","2.0°C"
25.963,"Ontario","4.5°C"
26.72,"Superior","2.0°C"
26.329,"Ontario","4.5°C"
24.823,"Ontario","7.0°C"
24.412,"Superior","4.5°C"
23.184,"Ontario","2.0°C"
26.207,"Ontario","2.0°C"
24.508,"Superior","2.0°C"
26.353,"Ontario","4.5°C"
24.243,"Superior","4.5°C"
26.207,"Ontario","4.5°C"
27.235,"Ontario","4.5°C"
25.866,"Ontario","7.0°C"
26.134,"Superior","4.5°C"
25.647,"Ontario","2.0°C"
24.823,"Ontario","4.5°C"
27.186,"Ontario","4.5°C"
24.267,"Ontario","4.5°C"
23.328,"Superior","2.0°C"
22.824,"Ontario","2.0°C"
24.774,"Ontario","7.0°C"
23.689,"Ontario","4.5°C"
23.184,"Ontario","4.5°C"
25.914,"Superior","2.0°C"
24.774,"Superior","2.0°C"
24.702,"Ontario","4.5°C"
27.186,"Ontario","4.5°C"
24.581,"Ontario","4.5°C"
25.623,"Ontario","4.5°C"
25.065,"Ontario","2.0°C"
27.382,"Ontario","2.0°C"
23.088,"Ontario","4.5°C"
26.622,"Superior","4.5°C"
24.557,"Ontario","7.0°C"
24.508,"Ontario","4.5°C"
22.872,"Ontario","7.0°C"
23.689,"Superior","4.5°C"
26.036,"Ontario","4.5°C"
26.28,"Superior","4.5°C"
26.72,"Ontario","7.0°C"
25.671,"Ontario","7.0°C"
23.593,"Ontario","7.0°C"
25.841,"Superior","2.0°C"
27.014,"Superior","7.0°C"
24.508,"Ontario","2.0°C"
24.412,"Superior","4.5°C"
21.533,"Ontario","2.0°C"
24.702,"Superior","7.0°C"
25.866,"Ontario","4.5°C"
25.744,"Ontario","4.5°C"
26.231,"Superior","2.0°C"
28.097,"Ontario","7.0°C"
26.622,"Ontario","4.5°C"
25.695,"Superior","2.0°C"
23.208,"Ontario","2.0°C"
27.136,"Ontario","4.5°C"
24.243,"Ontario","4.5°C"
26.598,"Superior","4.5°C"
26.818,"Ontario","4.5°C"
26.353,"Superior","2.0°C"
22.8,"Ontario","4.5°C"
24.823,"Ontario","4.5°C"
25.841,"Ontario","2.0°C"
26.134,"Ontario","7.0°C"
23.689,"Ontario","2.0°C"
24.412,"Ontario","7.0°C"
26.622,"Ontario","2.0°C"
24.484,"Superior","2.0°C"
24.605,"Ontario","4.5°C"
28.072,"Ontario","7.0°C"
26.231,"Ontario","7.0°C"
24.581,"Ontario","4.5°C"
19.103,"Superior","2.0°C"
26.451,"Superior","7.0°C"
25.501,"Ontario","4.5°C"
26.329,"Ontario","7.0°C"
24.798,"Ontario","7.0°C"
25.065,"Ontario","4.5°C"
23.954,"Ontario","4.5°C"
24.823,"Superior","4.5°C"
24.146,"Ontario","4.5°C"
26.842,"Ontario","4.5°C"
23.665,"Ontario","7.0°C"
24.823,"Ontario","4.5°C"
24.774,"Ontario","2.0°C"
26.28,"Ontario","4.5°C"
26.329,"Ontario","7.0°C"
26.671,"Ontario","7.0°C"
23.208,"Ontario","7.0°C"
23.136,"Ontario","7.0°C"
25.72,"Ontario","2.0°C"
24.557,"Ontario","2.0°C"
26.842,"Ontario","4.5°C"
26.916,"Ontario","4.5°C"
26.671,"Superior","7.0°C"
27.358,"Ontario","7.0°C"
27.358,"Ontario","2.0°C"
23.593,"Ontario","4.5°C"
25.963,"Ontario","2.0°C"
24.267,"Ontario","4.5°C"
26.207,"Superior","4.5°C"
27.186,"Ontario","7.0°C"
25.963,"Superior","7.0°C"
24.267,"Ontario","2.0°C"
20.293,"Ontario","2.0°C"
22.8,"Superior","4.5°C"
25.647,"Ontario","2.0°C"
26.28,"Ontario","2.0°C"
23.593,"Ontario","2.0°C"
24.508,"Ontario","4.5°C"
24.581,"Ontario","2.0°C"
23.665,"Ontario","4.5°C"
23.545,"Ontario","2.0°C"
26.744,"Ontario","7.0°C"
25.453,"Superior","4.5°C"
26.5,"Ontario","4.5°C"
24.508,"Ontario","4.5°C"
25.914,"Ontario","4.5°C"
26.329,"Superior","2.0°C"
26.598,"Ontario","7.0°C"
24.653,"Ontario","2.0°C"
26.475,"Ontario","7.0°C"
23.713,"Superior","2.0°C"
25.744,"Ontario","4.5°C"
25.501,"Ontario","2.0°C"
24.605,"Ontario","4.5°C"
26.622,"Ontario","4.5°C"
20.293,"Ontario","4.5°C"
24.581,"Ontario","7.0°C"
27.235,"Ontario","2.0°C"
24.508,"Ontario","4.5°C"
25.065,"Ontario","2.0°C"
26.695,"Ontario","2.0°C"
26.231,"Ontario","4.5°C"
25.914,"Ontario","7.0°C"
27.235,"Ontario","4.5°C"
26.744,"Superior","4.5°C"
24.508,"Ontario","4.5°C"
26.28,"Superior","2.0°C"
24.774,"Superior","7.0°C"
23.208,"Ontario","7.0°C"
26.622,"Ontario","4.5°C"
26.28,"Ontario","2.0°C"
24.291,"Ontario","4.5°C"
24.823,"Ontario","7.0°C"
26.671,"Superior","7.0°C"
